256
1 2 -1.42233
1 17 -0.0441124
1 16 1.05584
1 241 -1.21823
2 3 -0.17307
2 18 1.9593
2 242 0.456591
3 4 1.12531
3 19 0.0275283
3 243 0.923763
4 5 0.428373
4 20 0.99983
4 244 0.102431
5 6 2.00816
5 21 -1.23063
5 245 -1.43067
6 7 1.59456
6 22 1.7372
6 246 0.461979
7 8 0.591243
7 23 -0.578909
7 247 0.654492
8 9 -0.881801
8 24 0.322074
8 248 -0.44466
9 10 -0.112799
9 25 0.295884
9 249 0.202988
10 11 -1.02618
10 26 -0.820978
10 250 -0.289175
11 12 -1.6054
11 27 0.431033
11 251 -0.443422
12 13 0.114959
12 28 -0.492404
12 252 -1.17433
13 14 2.29977
13 29 -0.820864
13 253 -0.875934
14 15 1.06579
14 30 0.724375
14 254 -0.344742
15 16 0.0268692
15 31 -2.33805
15 255 -2.1363
16 32 1.2251
16 256 -0.341238
17 18 -0.198426
17 33 0.462358
17 32 -1.27349
18 19 1.1206
18 34 -1.1714
19 20 0.431034
19 35 -0.779797
20 21 0.194007
20 36 -0.417323
21 22 0.593613
21 37 0.141817
22 23 1.42695
22 38 -0.651715
23 24 0.700392
23 39 0.397217
24 25 -0.42528
24 40 -0.657177
25 26 -1.09974
25 41 0.471743
26 27 2.07257
26 42 -0.0189374
27 28 2.32774
27 43 0.438871
28 29 -1.49334
28 44 1.53384
29 30 -2.04038
29 45 0.420153
30 31 1.66226
30 46 0.22807
31 32 -0.110432
31 47 -0.472325
32 48 0.427697
33 34 -1.85709
33 49 1.82893
33 48 0.204625
34 35 1.21391
34 50 -1.18694
35 36 -0.406537
35 51 0.818475
36 37 0.58182
36 52 -0.332414
37 38 3.81116e-05
37 53 -0.375828
38 39 0.576848
38 54 -0.6759
39 40 -0.680979
39 55 -0.220084
40 41 -0.0480444
40 56 2.66323
41 42 -0.690683
41 57 -0.235649
42 43 0.63826
42 58 -0.117402
43 44 0.76475
43 59 -0.380307
44 45 -0.298149
44 60 -1.51803
45 46 -2.02852
45 61 1.43184
46 47 1.93666
46 62 -1.77556
47 48 -0.30428
47 63 0.321281
48 64 0.692618
49 50 0.608891
49 65 -0.287549
49 64 0.81229
50 51 1.1566
50 66 -0.793387
51 52 1.84452
51 67 -1.56505
52 53 0.227851
52 68 1.14367
53 54 -0.922546
53 69 -0.870176
54 55 0.0249562
54 70 0.457237
55 56 0.41029
55 71 0.198095
56 57 -1.48018
56 72 -0.0312749
57 58 1.82851
57 73 1.49513
58 59 0.428698
58 74 0.393166
59 60 -1.89304
59 75 -0.195333
60 61 -1.94219
60 76 -0.929744
61 62 -1.11821
61 77 -1.05194
62 63 -0.12393
62 78 -0.899891
63 64 -0.353524
63 79 0.487074
64 80 0.93096
65 66 -0.237881
65 81 -2.10925
65 80 -0.711565
66 67 -3.05123
66 82 1.961
67 68 -0.188056
67 83 -0.153023
68 69 0.0196537
68 84 2.18378
69 70 0.875539
69 85 1.44833
70 71 0.391408
70 86 -0.467806
71 72 1.03272
71 87 0.5204
72 73 -0.130251
72 88 -0.990269
73 74 -0.936916
73 89 -0.00771179
74 75 -0.202716
74 90 -0.366918
75 76 -2.55857
75 91 1.48726
76 77 -0.754946
76 92 -0.687384
77 78 0.129242
77 93 -0.330939
78 79 0.144842
78 94 -0.291405
79 80 0.875074
79 95 0.290247
80 96 1.18696
81 82 0.394598
81 97 0.652123
81 96 0.0193
82 83 -0.24073
82 98 -1.38909
83 84 0.190564
83 99 -0.0913945
84 85 0.428221
84 100 1.5832
85 86 -0.129402
85 101 -0.809469
86 87 1.14105
86 102 0.392288
87 88 1.52415
87 103 0.546988
88 89 1.17549
88 104 0.139522
89 90 1.65372
89 105 2.401
90 91 -0.63848
90 106 1.10301
91 92 -1.41131
91 107 -1.41424
92 93 -0.485216
92 108 -2.0218
93 94 0.804072
93 109 0.860385
94 95 -0.854818
94 110 0.336841
95 96 -1.15717
95 111 -0.251099
96 112 1.85127
97 98 0.257642
97 113 0.0831199
97 112 -0.213228
98 99 -0.0290724
98 114 0.153685
99 100 1.02916
99 115 2.18157
100 101 -0.246248
100 116 0.359475
101 102 -1.39646
101 117 0.874133
102 103 -0.307841
102 118 0.457409
103 104 -0.050913
103 119 -1.4703
104 105 2.81275
104 120 -1.34741
105 106 1.40518
105 121 0.194536
106 107 0.953312
106 122 -1.25323
107 108 0.845499
107 123 0.82935
108 109 -0.157796
108 124 -1.44502
109 110 -1.81228
109 125 1.26609
110 111 -1.51814
110 126 0.705699
111 112 -0.593451
111 127 0.561388
112 128 0.107235
113 114 1.28401
113 129 -0.265114
113 128 0.592369
114 115 0.800386
114 130 0.124961
115 116 -0.754134
115 131 0.668471
116 117 0.135057
116 132 -0.296525
117 118 -1.48134
117 133 0.519772
118 119 1.33072
118 134 -1.65087
119 120 -0.108139
119 135 1.15898
120 121 1.81974
120 136 -1.18761
121 122 0.992781
121 137 0.979532
122 123 0.282489
122 138 -0.855844
123 124 1.95057
123 139 0.329688
124 125 1.30525
124 140 0.757058
125 126 -0.0836211
125 141 -1.74618
126 127 0.0787095
126 142 -0.595701
127 128 -0.168953
127 143 -1.74155
128 144 -1.10043
129 130 -0.581211
129 145 0.373001
129 144 -0.721412
130 131 -0.72768
130 146 -1.30108
131 132 0.513775
131 147 0.0670492
132 133 0.00933334
132 148 1.52296
133 134 -1.39656
133 149 0.518044
134 135 1.49412
134 150 1.04753
135 136 -1.1368
135 151 0.672283
136 137 -1.00206
136 152 0.0552452
137 138 0.0636778
137 153 0.790707
138 139 0.704722
138 154 0.883082
139 140 0.92921
139 155 0.223409
140 141 0.288769
140 156 -0.138791
141 142 -1.2659
141 157 -2.42204
142 143 -0.641587
142 158 0.97271
143 144 -0.36188
143 159 0.200717
144 160 0.908453
145 146 0.752968
145 161 -1.2186
145 160 2.25251
146 147 -1.42874
146 162 -0.125444
147 148 0.527108
147 163 -1.57703
148 149 -0.917047
148 164 -0.227993
149 150 -0.593932
149 165 -0.678214
150 151 -0.129942
150 166 -0.443763
151 152 0.351503
151 167 0.175528
152 153 1.84586
152 168 1.28873
153 154 -0.21375
153 169 0.88902
154 155 -1.54576
154 170 -0.963262
155 156 1.79634
155 171 0.0357645
156 157 1.38143
156 172 0.658817
157 158 -0.239677
157 173 2.54005
158 159 0.498226
158 174 1.28455
159 160 2.34374
159 175 1.27827
160 176 -0.907947
161 162 -0.195075
161 177 -1.34648
161 176 0.0925345
162 163 1.3263
162 178 -0.115645
163 164 -0.244031
163 179 -0.0960665
164 165 -0.249778
164 180 -0.349123
165 166 -0.963574
165 181 0.621671
166 167 1.13944
166 182 -0.767109
167 168 -0.171855
167 183 -0.20932
168 169 0.199141
168 184 0.633151
169 170 1.36909
169 185 1.457
170 171 1.21776
170 186 -1.36214
171 172 -1.3122
171 187 -0.806622
172 173 -0.684149
172 188 -0.377084
173 174 0.679144
173 189 0.00336566
174 175 0.36076
174 190 0.658726
175 176 -1.05132
175 191 -1.40729
176 192 -0.105399
177 178 -0.301033
177 193 1.1739
177 192 0.262796
178 179 -0.843227
178 194 0.515265
179 180 1.8789
179 195 -2.05585
180 181 -0.786262
180 196 0.0758874
181 182 0.514423
181 197 -0.967969
182 183 -0.760609
182 198 -1.67219
183 184 0.105345
183 199 -0.423945
184 185 0.719828
184 200 0.88293
185 186 1.22763
185 201 0.0799847
186 187 0.832967
186 202 -0.313985
187 188 0.899929
187 203 1.08914
188 189 0.428826
188 204 -0.0579702
189 190 0.941464
189 205 -0.490468
190 191 -0.284737
190 206 -0.327024
191 192 2.50265
191 207 -0.195596
192 208 -1.77643
193 194 -0.281434
193 209 -2.32795
193 208 -0.095252
194 195 -0.864045
194 210 -0.826271
195 196 1.47019
195 211 -0.496674
196 197 1.39241
196 212 -1.39732
197 198 -1.69643
197 213 0.733446
198 199 -0.299289
198 214 0.267272
199 200 0.195169
199 215 -0.266916
200 201 0.752754
200 216 -0.821856
201 202 -0.471841
201 217 0.761695
202 203 0.117751
202 218 -0.662945
203 204 -1.57455
203 219 0.0705875
204 205 -0.363301
204 220 0.809209
205 206 0.459815
205 221 0.0702239
206 207 -0.113215
206 222 -0.157882
207 208 -0.41768
207 223 -0.20676
208 224 -0.748094
209 210 -0.641315
209 225 -0.556362
209 224 -0.205942
210 211 -0.193955
210 226 -0.750423
211 212 -0.222186
211 227 -0.303721
212 213 -1.0709
212 228 -2.05926
213 214 0.715471
213 229 -0.76269
214 215 -0.976675
214 230 -1.0326
215 216 0.616693
215 231 -1.71707
216 217 0.339617
216 232 -1.30779
217 218 -0.481292
217 233 1.4255
218 219 0.0316518
218 234 1.54493
219 220 -0.615204
219 235 0.879762
220 221 0.448598
220 236 0.159926
221 222 0.214353
221 237 -0.952189
222 223 0.100685
222 238 1.35291
223 224 -0.637516
223 239 -0.438806
224 240 1.62526
225 226 1.67922
225 241 1.06759
225 240 -0.359711
226 227 -1.54884
226 242 -0.0620948
227 228 -0.0410653
227 243 -0.88974
228 229 -0.708213
228 244 0.425449
229 230 -0.413878
229 245 1.04977
230 231 1.1305
230 246 2.12001
231 232 -0.70638
231 247 -1.26658
232 233 0.696004
232 248 0.240564
233 234 1.65068
233 249 0.166641
234 235 -0.65357
234 250 -1.27982
235 236 0.160229
235 251 0.213917
236 237 1.18047
236 252 0.427656
237 238 1.15196
237 253 -1.5086
238 239 -0.787261
238 254 0.149829
239 240 1.3877
239 255 -0.171527
240 256 -1.63152
241 242 0.00179857
241 256 0.93656
242 243 -0.117343
243 244 -0.762162
244 245 -2.10845
245 246 -0.5421
246 247 -1.04392
247 248 0.417098
248 249 7.18366e-06
249 250 0.724283
250 251 0.655056
251 252 -1.14728
252 253 0.290714
253 254 0.920524
254 255 0.590497
255 256 -1.06777
